164
457
540
546
769
951
1320
1692
1697
1773
1811
1872
1933
1958
2028
2073
2132
2159
2317
2797
2974
3054
3310
3359
3411
3712
3758
3823
3850
4253
4651
4779
5176
5384
5568
5900
6097
6352
7092
7240
7324
7801
8820
8936
8990
9454
9826
10185
10198
10314
10431
10659
10947
11235
11363
11387
11556
11713
12035
12237
12344
12357
12372
12410
12493
12778
12793
12842
12853
13363
13893
13921
13926
13952
14067
14324
14394
14469
14526
14765
14980
15086
15252
15344
15447
15557
16318
16526
16685
16910
16964
16998
17139
17516
17551
17831
17898
17979
18034
18105
18269
18293
18427
18847
19103
19240
19466
19556
19560
19565
19807
19827
19960
20575
20780
21003
21233
21334
21388
21439
21573
21700
21908
22718
22754
22856
23107
23166
23357
23582
23679
23718
23791
23842
23863
24311
25031
25044
25257
25289
25350
25519
25554
25583
25828
25967
26463
26613
26887
26909
27088
27191
27410
27745
27812
28013
28048
28085
28122
28205
28680
28696
28744
28811
28921
29326
29605
29687
29753
29823
30069
30853
30947
31283
31319
31386
31404
31598
31690
31722
31859
32273
32285
32317
32395
32583
32600
32858
32920
33060
33065
33071
33174
33179
33249
33460
33859
34736
34743
35203
