787
2184
2579
2614
3673
4549
6317
8117
8139
8504
8656
8963
9253
9358
9715
9931
10209
10324
11113
13400
14258
14622
15828
16090
16343
17768
17946
18288
18428
20322
22265
22904
24770
25769
26669
28294
29216
30343
33984
34622
35046
37353
42250
42747
42964
45328
47092
48765
48819
49371
49907
50937
52427
53659
54416
54554
55249
55946
57494
58628
59011
59212
59220
59398
59844
61190
61343
61489
61530
63979
66497
66568
66636
66727
67210
68685
69022
69099
69545
70774
71777
72139
73063
73471
74088
74494
78064
78925
79867
80905
81099
81430
82072
83935
83987
85470
85503
86048
86238
86803
87357
87570
88068
90355
91254
91897
93301
93507
93611
93709
94968
95080
95342
98327
99376
100422
101491
102121
102184
102369
103106
103796
104606
108904
108987
109221
110614
110667
111537
112723
113369
113482
113812
113925
114020
116545
119732
119887
120689
120804
121078
122034
122223
122275
123772
124397
126764
127087
128496
128889
129606
130015
130897
132826
133048
134150
134252
134442
134449
134851
137262
137284
137722
137784
138367
140607
141619
142177
142315
142952
143801
147633
148010
149683
150205
150280
150391
150492
151219
151426
151645
152180
154539
154739
154856
154863
155668
156280
157247
157876
158047
158257
158289
158561
158860
158979
159917
161963
166366
166480
