116
323
382
387
545
673
935
1196
1200
1254
1283
1324
1367
1386
1435
1467
1508
1529
1638
1979
2103
2161
2343
2377
2413
2627
2663
2707
2725
3012
3292
3380
3664
3811
3939
4171
4313
4501
5017
5126
5184
5520
6240
6326
6367
6685
6949
7203
7221
7300
7384
7550
7745
7960
8040
8055
8183
8299
8526
8656
8740
8742
8756
8783
8838
9041
9045
9084
9098
9456
9828
9858
9863
9878
9965
10128
10177
10252
10279
10442
10596
10682
10789
10857
10921
11008
11552
11710
11808
11970
12014
12025
12127
12385
12427
12611
12679
12725
12769
12803
12937
12946
13052
13327
13534
13631
13767
13837
13848
13849
14005
14018
14142
14574
14713
14873
15039
15098
15151
15192
15280
15363
15525
16066
16098
16190
16352
16412
16551
16701
16747
16798
16843
16889
16904
17192
17709
17736
17891
17916
17961
18055
18107
18119
18268
18369
18721
18858
19014
19068
19175
19255
19422
19617
19706
19813
19858
19875
19915
19974
20299
20315
20327
20405
20473
20737
20959
21004
21065
21090
21290
21839
21911
22143
22144
22200
22212
22228
22364
22448
22466
22572
22833
22835
22858
22942
23054
23082
23257
23275
23393
23409
23418
23463
23501
23553
23699
23971
24567
24584
