3331000,42,3330500,45,3331100,115,3330400,100,3331300,100,3330300,112,3331400,225,3330200,206,3331500,275,3330100,160,3331600,125,3330000,3061,3331700,25,3329900,40,3331800,125,3329800,135,3331900,366,3329700,35,3332000,125,3329600,132
3331000,32,3330500,45,3331100,115,3330400,100,3331300,100,3330300,112,3331400,225,3330200,206,3331500,275,3330100,160,3331600,125,3330000,3061,3331700,25,3329900,40,3331800,125,3329800,135,3331900,366,3329700,35,3332000,125,3329600,132
3331000,32,3330500,45,3331100,115,3330400,100,3331300,100,3330300,112,3331400,225,3330200,206,3331500,275,3330100,160,3331600,125,3330000,3061,3331700,25,3329900,40,3331800,125,3329800,135,3331900,366,3329700,35,3332000,125,3329600,132
3331000,32,3330500,45,3331100,115,3330400,100,3331300,100,3330300,112,3331400,125,3330200,206,3331500,275,3330100,160,3331600,125,3330000,3061,3331700,25,3329900,40,3331800,125,3329800,135,3331900,366,3329700,35,3332000,125,3329600,132
3331000,32,3330500,45,3331100,115,3330400,100,3331300,100,3330300,112,3331400,125,3330200,206,3331500,275,3330100,160,3331600,125,3330000,3061,3331700,25,3329900,40,3331800,125,3329800,135,3331900,366,3329700,35,3332000,125,3329600,132
3331000,32,3330500,45,3331100,115,3330400,100,3331300,100,3330300,112,3331400,125,3330200,206,3331500,275,3330100,160,3331600,125,3330000,3061,3331700,25,3329900,40,3331800,125,3329800,135,3331900,366,3329700,35,3332000,125,3329600,132
3331000,32,3330500,45,3331100,115,3330400,100,3331300,100,3330300,112,3331400,125,3330200,206,3331500,275,3330100,160,3331600,125,3330000,3061,3331700,25,3329900,40,3331800,125,3329800,135,3331900,366,3329700,35,3332000,125,3329600,132
3331000,32,3330500,45,3331100,115,3330400,100,3331300,100,3330300,112,3331400,125,3330200,206,3331500,275,3330100,160,3331600,125,3330000,3061,3331700,25,3329900,40,3331800,125,3329800,135,3331900,366,3329700,35,3332000,125,3329600,132
3331000,132,3330500,45,3331100,115,3330400,100,3331300,100,3330300,112,3331400,125,3330200,206,3331500,275,3330100,160,3331600,125,3330000,3061,3331700,25,3329900,40,3331800,125,3329800,135,3331900,366,3329700,35,3332000,125,3329600,132
3331000,132,3330500,45,3331100,115,3330400,100,3331300,100,3330300,112,3331400,125,3330200,206,3331500,275,3330100,160,3331600,125,3330000,3061,3331700,25,3329900,40,3331800,125,3329800,135,3331900,366,3329700,35,3332000,125,3329600,132
3331000,132,3330500,45,3331100,115,3330400,100,3331300,100,3330300,112,3331400,125,3330200,206,3331500,275,3330100,160,3331600,125,3330000,3061,3331700,25,3329900,40,3331800,125,3329800,135,3331900,366,3329700,35,3332000,125,3329600,135
3331000,132,3330500,45,3331100,115,3330400,100,3331300,100,3330300,112,3331400,125,3330200,206,3331500,275,3330100,160,3331600,125,3330000,3061,3331700,25,3329900,40,3331800,125,3329800,135,3331900,366,3329700,35,3332000,125,3329600,135
3331000,132,3330500,55,3331100,115,3330400,100,3331300,100,3330300,112,3331400,125,3330200,206,3331500,275,3330100,160,3331600,125,3330000,3061,3331700,25,3329900,40,3331800,125,3329800,135,3331900,366,3329700,35,3332000,125,3329600,135
3331000,32,3330500,55,3331100,115,3330400,100,3331300,100,3330300,112,3331400,125,3330200,206,3331500,275,3330100,160,3331600,125,3330000,3061,3331700,25,3329900,40,3331800,125,3329800,135,3331900,366,3329700,35,3332000,125,3329600,135
3331000,10,3330500,55,3331100,115,3330400,100,3331300,100,3330300,112,3331400,125,3330200,206,3331500,275,3330100,160,3331600,125,3330000,3061,3331700,25,3329900,40,3331800,125,3329800,135,3331900,366,3329700,35,3332000,125,3329600,135
3331000,10,3330500,55,3331100,115,3330400,100,3331300,100,3330300,112,3331400,125,3330200,206,3331500,275,3330100,160,3331600,125,3330000,3061,3331700,25,3329900,40,3331800,125,3329800,135,3331900,366,3329700,35,3332000,125,3329600,135
3331100,115,3330500,55,3331300,100,3330400,100,3331400,125,3330300,112,3331500,275,3330200,206,3331600,125,3330100,160,3331700,25,3330000,3061,3331800,125,3329900,40,3331900,366,3329800,135,3332000,125,3329700,35,3332100,228,3329600,135
3331100,115,3330500,55,3331300,100,3330400,100,3331400,100,3330300,112,3331500,275,3330200,206,3331600,125,3330100,160,3331700,25,3330000,3061,3331800,125,3329900,40,3331900,366,3329800,135,3332000,125,3329700,35,3332100,228,3329600,135
3331100,115,3330500,55,3331400,100,3330400,100,3331500,275,3330300,112,3331600,125,3330200,206,3331700,25,3330100,160,3331800,125,3330000,3061,3331900,366,3329900,40,3332000,125,3329800,135,3332100,228,3329700,35,3332200,128,3329600,135
3331100,115,3330500,55,3331400,100,3330400,100,3331500,275,3330300,112,3331600,125,3330200,206,3331700,125,3330100,160,3331800,125,3330000,3061,3331900,366,3329900,40,3332000,125,3329800,135,3332100,228,3329700,35,3332200,128,3329600,135
3331100,115,3330500,55,3331400,100,3330400,100,3331500,245,3330300,112,3331600,125,3330200,206,3331700,125,3330100,160,3331800,125,3330000,3061,3331900,366,3329900,40,3332000,125,3329800,135,3332100,228,3329700,35,3332200,128,3329600,135
3331100,15,3330500,55,3331400,100,3330400,100,3331500,245,3330300,112,3331600,125,3330200,206,3331700,125,3330100,160,3331800,125,3330000,3061,3331900,366,3329900,40,3332000,125,3329800,135,3332100,228,3329700,35,3332200,128,3329600,135
3331100,15,3330500,55,3331200,100,3330400,100,3331400,100,3330300,112,3331500,245,3330200,206,3331600,125,3330100,160,3331700,125,3330000,3061,3331800,125,3329900,40,3331900,366,3329800,135,3332000,125,3329700,35,3332100,228,3329600,135
3331100,15,3330500,55,3331200,100,3330400,100,3331400,100,3330300,112,3331500,245,3330200,206,3331600,125,3330100,160,3331700,125,3330000,3061,3331800,125,3329900,40,3331900,366,3329800,135,3332000,125,3329700,35,3332100,228,3329600,135
3331100,15,3330500,55,3331200,100,3330400,100,3331400,100,3330300,112,3331500,245,3330200,206,3331600,125,3330100,160,3331700,125,3330000,3061,3331800,125,3329900,40,3331900,366,3329800,135,3332000,125,3329700,35,3332100,228,3329600,135
3331100,15,3330500,55,3331200,100,3330400,100,3331400,100,3330300,112,3331500,245,3330200,206,3331600,125,3330100,160,3331700,125,3330000,3061,3331800,125,3329900,40,3331900,366,3329800,135,3332000,125,3329700,35,3332100,228,3329600,135
3331100,15,3330500,55,3331200,100,3330400,100,3331400,100,3330300,112,3331500,245,3330200,206,3331600,125,3330100,160,3331700,125,3330000,3061,3331800,125,3329900,40,3331900,366,3329800,135,3332000,125,3329700,35,3332100,228,3329600,135
3331100,15,3330500,55,3331200,100,3330400,100,3331400,100,3330300,112,3331500,245,3330200,206,3331600,125,3330100,160,3331700,125,3330000,3061,3331800,125,3329900,40,3331900,366,3329800,135,3332000,125,3329700,35,3332100,228,3329600,135
3331100,15,3330500,55,3331200,100,3330400,100,3331400,100,3330300,112,3331500,245,3330200,206,3331600,125,3330100,160,3331700,125,3330000,3061,3331800,125,3329900,40,3331900,366,3329800,135,3332000,125,3329700,35,3332100,228,3329600,135
3331100,15,3330500,55,3331200,100,3330400,100,3331400,100,3330300,112,3331500,245,3330200,206,3331600,125,3330100,160,3331700,125,3330000,3061,3331800,125,3329900,40,3331900,366,3329800,135,3332000,125,3329700,35,3332100,228,3329600,135
3331100,15,3330500,55,3331200,100,3330400,100,3331400,100,3330300,112,3331500,245,3330200,206,3331600,125,3330100,160,3331700,125,3330000,3061,3331800,125,3329900,40,3331900,366,3329800,135,3332000,125,3329700,35,3332100,228,3329600,135
3331100,15,3330500,55,3331200,100,3330400,100,3331400,100,3330300,112,3331500,245,3330200,206,3331600,125,3330100,160,3331700,125,3330000,3061,3331800,125,3329900,40,3331900,366,3329800,135,3332000,125,3329700,35,3332100,228,3329600,135
3331100,15,3330500,55,3331200,100,3330400,100,3331400,100,3330300,112,3331500,245,3330200,206,3331600,125,3330100,160,3331700,125,3330000,3061,3331800,125,3329900,40,3331900,366,3329800,135,3332000,125,3329700,35,3332100,228,3329600,135
3331100,15,3330500,55,3331200,100,3330400,100,3331400,100,3330300,112,3331500,245,3330200,206,3331600,125,3330100,160,3331700,125,3330000,3061,3331800,125,3329900,40,3331900,366,3329800,135,3332000,125,3329700,35,3332100,228,3329600,135
3331100,15,3330500,55,3331200,100,3330400,100,3331400,100,3330300,112,3331500,245,3330200,206,3331600,125,3330100,160,3331700,125,3330000,3061,3331800,125,3329900,40,3331900,366,3329800,135,3332000,125,3329700,35,3332100,228,3329600,135
3331100,15,3330500,55,3331200,100,3330400,100,3331400,100,3330300,112,3331500,245,3330200,206,3331600,125,3330100,160,3331700,125,3330000,3061,3331800,125,3329900,40,3331900,366,3329800,135,3332000,125,3329700,35,3332100,228,3329600,135
3331100,15,3330500,55,3331200,100,3330400,100,3331400,100,3330300,112,3331500,245,3330200,206,3331600,125,3330100,160,3331700,125,3330000,3061,3331800,125,3329900,40,3331900,366,3329800,135,3332000,125,3329700,35,3332100,228,3329600,135
3331100,15,3330500,55,3331200,100,3330400,100,3331400,100,3330300,112,3331500,245,3330200,206,3331600,125,3330100,160,3331700,125,3330000,3061,3331800,125,3329900,40,3331900,366,3329800,135,3332000,125,3329700,35,3332100,228,3329600,135
3331100,15,3330500,55,3331200,100,3330400,100,3331400,100,3330300,112,3331500,245,3330200,206,3331600,125,3330100,160,3331700,125,3330000,3061,3331800,125,3329900,40,3331900,366,3329800,135,3332000,125,3329700,35,3332100,228,3329600,135
3331100,15,3330500,55,3331200,100,3330400,100,3331400,100,3330300,112,3331500,245,3330200,206,3331600,125,3330100,160,3331700,155,3330000,3061,3331800,125,3329900,40,3331900,366,3329800,135,3332000,125,3329700,35,3332100,228,3329600,135
3331100,15,3330500,55,3331200,100,3330400,100,3331400,100,3330300,112,3331500,245,3330200,206,3331600,125,3330100,260,3331700,155,3330000,3061,3331800,125,3329900,40,3331900,366,3329800,135,3332000,125,3329700,35,3332100,228,3329600,135
3331100,15,3330500,55,3331200,100,3330400,100,3331400,100,3330300,112,3331500,245,3330200,206,3331600,125,3330100,260,3331700,155,3330000,3061,3331800,125,3329900,40,3331900,366,3329800,135,3332000,125,3329700,35,3332100,225,3329600,135
3331100,15,3330500,55,3331200,100,3330400,100,3331400,100,3330300,112,3331500,245,3330200,206,3331600,125,3330100,260,3331700,125,3330000,3061,3331800,125,3329900,40,3331900,366,3329800,135,3332000,125,3329700,35,3332100,225,3329600,135
3331100,15,3330500,55,3331200,100,3330400,110,3331400,100,3330300,112,3331500,245,3330200,206,3331600,125,3330100,260,3331700,125,3330000,3061,3331800,125,3329900,40,3331900,366,3329800,135,3332000,125,3329700,35,3332100,225,3329600,135
3331100,15,3330500,55,3331200,100,3330400,110,3331400,100,3330300,112,3331500,145,3330200,206,3331600,125,3330100,260,3331700,125,3330000,3061,3331800,125,3329900,40,3331900,366,3329800,135,3332000,125,3329700,35,3332100,225,3329600,135
3331100,5,3330500,55,3331200,100,3330400,110,3331400,100,3330300,112,3331500,145,3330200,206,3331600,125,3330100,260,3331700,125,3330000,3061,3331800,125,3329900,40,3331900,366,3329800,135,3332000,125,3329700,35,3332100,225,3329600,135
3331100,5,3330500,55,3331400,100,3330400,110,3331500,145,3330300,112,3331600,125,3330200,206,3331700,125,3330100,260,3331800,125,3330000,3061,3331900,366,3329900,40,3332000,125,3329800,135,3332100,225,3329700,35,3332200,128,3329600,135
3331100,5,3330500,55,3331300,100,3330400,110,3331400,100,3330300,112,3331500,145,3330200,206,3331600,125,3330100,260,3331700,125,3330000,3061,3331800,125,3329900,40,3331900,366,3329800,135,3332000,125,3329700,35,3332100,225,3329600,135
3331100,5,3330500,65,3331300,100,3330400,110,3331400,100,3330300,112,3331500,145,3330200,206,3331600,125,3330100,260,3331700,125,3330000,3061,3331800,125,3329900,40,3331900,366,3329800,135,3332000,125,3329700,35,3332100,225,3329600,135
3331100,5,3330500,65,3331300,100,3330400,110,3331400,100,3330300,112,3331500,145,3330200,306,3331600,125,3330100,260,3331700,125,3330000,3061,3331800,125,3329900,40,3331900,366,3329800,135,3332000,125,3329700,35,3332100,225,3329600,135
3331100,5,3330500,65,3331300,100,3330400,110,3331400,100,3330300,112,3331500,145,3330200,306,3331600,125,3330100,160,3331700,125,3330000,3061,3331800,125,3329900,40,3331900,366,3329800,135,3332000,125,3329700,35,3332100,225,3329600,135
3331100,5,3330500,65,3331300,100,3330400,110,3331400,100,3330300,112,3331500,145,3330200,306,3331600,125,3330100,160,3331700,125,3330000,3061,3331800,125,3329900,40,3331900,366,3329800,135,3332000,125,3329700,35,3332100,228,3329600,135
3331100,5,3330500,65,3331300,100,3330400,110,3331400,100,3330300,112,3331500,145,3330200,306,3331600,225,3330100,160,3331700,125,3330000,3061,3331800,125,3329900,40,3331900,366,3329800,135,3332000,125,3329700,35,3332100,228,3329600,135
3331100,5,3330500,65,3331300,100,3330400,110,3331400,100,3330300,112,3331500,145,3330200,306,3331600,225,3330100,160,3331700,125,3330000,3061,3331800,125,3329900,40,3331900,366,3329800,135,3332000,125,3329700,35,3332100,228,3329600,135
3331100,5,3330500,65,3331300,100,3330400,110,3331400,100,3330300,112,3331500,145,3330200,306,3331600,225,3330100,160,3331700,125,3330000,3061,3331800,125,3329900,40,3331900,366,3329800,135,3332000,125,3329700,35,3332100,228,3329600,135
3331100,5,3330500,65,3331300,100,3330400,110,3331400,100,3330300,112,3331500,145,3330200,306,3331600,225,3330100,160,3331700,125,3330000,3061,3331800,125,3329900,40,3331900,366,3329800,135,3332000,125,3329700,35,3332100,228,3329600,135
3331100,5,3330500,65,3331300,100,3330400,110,3331400,100,3330300,112,3331500,145,3330200,306,3331600,225,3330100,160,3331700,125,3330000,3061,3331800,125,3329900,40,3331900,366,3329800,135,3332000,125,3329700,35,3332100,228,3329600,135
3331100,5,3330500,65,3331300,100,3330400,110,3331400,100,3330300,112,3331500,145,3330200,306,3331600,225,3330100,160,3331700,125,3330000,3061,3331800,125,3329900,40,3331900,366,3329800,135,3332000,125,3329700,35,3332100,228,3329600,135
3331100,5,3330500,65,3331300,100,3330400,110,3331400,100,3330300,112,3331500,145,3330200,306,3331600,225,3330100,160,3331700,125,3330000,3061,3331800,125,3329900,40,3331900,366,3329800,135,3332000,125,3329700,35,3332100,228,3329600,135
3331100,5,3330500,65,3331300,100,3330400,110,3331400,100,3330300,112,3331500,145,3330200,306,3331600,225,3330100,160,3331700,125,3330000,3061,3331800,125,3329900,40,3331900,366,3329800,135,3332000,125,3329700,35,3332100,228,3329600,135
3331100,5,3330500,65,3331300,100,3330400,110,3331400,100,3330300,112,3331500,145,3330200,306,3331600,225,3330100,160,3331700,125,3330000,3061,3331800,125,3329900,40,3331900,366,3329800,135,3332000,125,3329700,35,3332100,228,3329600,135
3331100,5,3330500,65,3331300,100,3330400,110,3331400,100,3330300,112,3331500,145,3330200,306,3331600,225,3330100,160,3331700,125,3330000,3061,3331800,125,3329900,40,3331900,366,3329800,135,3332000,125,3329700,35,3332100,228,3329600,135
3331100,5,3330500,65,3331300,100,3330400,110,3331400,100,3330300,112,3331500,145,3330200,306,3331600,225,3330100,160,3331700,125,3330000,3061,3331800,125,3329900,40,3331900,366,3329800,135,3332000,125,3329700,35,3332100,228,3329600,135
3331100,5,3330500,65,3331300,100,3330400,110,3331400,100,3330300,112,3331500,145,3330200,306,3331600,225,3330100,160,3331700,125,3330000,3061,3331800,125,3329900,40,3331900,366,3329800,135,3332000,125,3329700,35,3332100,228,3329600,135
3331100,5,3330500,65,3331300,100,3330400,110,3331400,100,3330300,112,3331500,145,3330200,306,3331600,225,3330100,160,3331700,125,3330000,3061,3331800,125,3329900,40,3331900,366,3329800,135,3332000,125,3329700,35,3332100,228,3329600,135
3331100,5,3330500,65,3331300,100,3330400,110,3331400,100,3330300,112,3331500,145,3330200,306,3331600,225,3330100,160,3331700,125,3330000,3061,3331800,125,3329900,40,3331900,366,3329800,135,3332000,125,3329700,35,3332100,228,3329600,135
3331100,5,3330500,65,3331300,100,3330400,110,3331400,100,3330300,112,3331500,145,3330200,306,3331600,225,3330100,160,3331700,125,3330000,3061,3331800,125,3329900,40,3331900,366,3329800,135,3332000,125,3329700,35,3332100,228,3329600,135
3331100,5,3330500,65,3331300,100,3330400,110,3331400,100,3330300,112,3331500,145,3330200,306,3331600,225,3330100,160,3331700,125,3330000,3061,3331800,125,3329900,40,3331900,366,3329800,135,3332000,125,3329700,35,3332100,228,3329600,135
3331100,5,3330500,65,3331300,100,3330400,110,3331400,100,3330300,112,3331500,145,3330200,306,3331600,225,3330100,160,3331700,125,3330000,3061,3331800,125,3329900,40,3331900,366,3329800,135,3332000,125,3329700,35,3332100,228,3329600,135
3331100,5,3330500,65,3331300,100,3330400,110,3331400,100,3330300,112,3331500,145,3330200,306,3331600,225,3330100,160,3331700,125,3330000,3061,3331800,125,3329900,40,3331900,366,3329800,135,3332000,125,3329700,35,3332100,225,3329600,135
3331100,5,3330500,65,3331300,100,3330400,110,3331400,100,3330300,112,3331500,145,3330200,306,3331600,225,3330100,160,3331700,125,3330000,3061,3331800,155,3329900,40,3331900,366,3329800,135,3332000,125,3329700,35,3332100,225,3329600,135
3331100,5,3330500,65,3331300,100,3330400,110,3331400,100,3330300,212,3331500,145,3330200,306,3331600,225,3330100,160,3331700,125,3330000,3061,3331800,155,3329900,40,3331900,366,3329800,135,3332000,125,3329700,35,3332100,225,3329600,135
3331100,5,3330500,65,3331300,100,3330400,110,3331400,100,3330300,212,3331500,145,3330200,206,3331600,225,3330100,160,3331700,125,3330000,3061,3331800,155,3329900,40,3331900,366,3329800,135,3332000,125,3329700,35,3332100,225,3329600,135
3331100,5,3330500,65,3331300,100,3330400,110,3331400,100,3330300,212,3331500,145,3330200,206,3331600,225,3330100,160,3331700,125,3330000,3061,3331800,155,3329900,40,3331900,366,3329800,135,3332000,125,3329700,35,3332100,225,3329600,135
3331100,5,3330500,65,3331300,100,3330400,110,3331400,100,3330300,212,3331500,145,3330200,206,3331600,225,3330100,160,3331700,125,3330000,3061,3331800,155,3329900,40,3331900,366,3329800,135,3332000,125,3329700,35,3332100,225,3329600,135
3331100,5,3330500,165,3331300,100,3330400,110,3331400,100,3330300,212,3331500,145,3330200,206,3331600,225,3330100,160,3331700,125,3330000,3061,3331800,155,3329900,40,3331900,366,3329800,135,3332000,125,3329700,35,3332100,225,3329600,135
3331100,5,3330500,165,3331300,100,3330400,110,3331400,100,3330300,212,3331500,145,3330200,206,3331600,225,3330100,160,3331700,125,3330000,3061,3331800,155,3329900,40,3331900,366,3329800,135,3332000,125,3329700,35,3332100,225,3329600,135
3331100,5,3330500,165,3331300,100,3330400,110,3331400,100,3330300,212,3331500,145,3330200,206,3331600,225,3330100,160,3331700,125,3330000,3061,3331800,155,3329900,40,3331900,366,3329800,138,3332000,125,3329700,35,3332100,225,3329600,135
3331100,5,3330500,165,3331300,100,3330400,110,3331400,100,3330300,212,3331500,145,3330200,206,3331600,225,3330100,160,3331700,125,3330000,3061,3331800,155,3329900,40,3331900,366,3329800,138,3332000,125,3329700,35,3332100,225,3329600,135
3331100,5,3330500,165,3331300,100,3330400,110,3331400,100,3330300,112,3331500,145,3330200,206,3331600,225,3330100,160,3331700,125,3330000,3061,3331800,155,3329900,40,3331900,366,3329800,138,3332000,125,3329700,35,3332100,225,3329600,135
3331100,5,3330500,165,3331300,100,3330400,110,3331400,100,3330300,112,3331500,145,3330200,306,3331600,225,3330100,160,3331700,125,3330000,3061,3331800,155,3329900,40,3331900,366,3329800,138,3332000,125,3329700,35,3332100,225,3329600,135
3331100,5,3330500,165,3331300,100,3330400,110,3331400,100,3330300,112,3331500,145,3330200,306,3331600,225,3330100,160,3331700,125,3330000,3061,3331800,155,3329900,40,3331900,366,3329800,138,3332000,125,3329700,35,3332100,225,3329600,135
3331100,5,3330500,165,3331300,100,3330400,110,3331400,100,3330300,112,3331500,145,3330200,306,3331600,225,3330100,160,3331700,125,3330000,3061,3331800,155,3329900,40,3331900,366,3329800,138,3332000,125,3329700,35,3332100,225,3329600,135
3331100,5,3330500,165,3331300,100,3330400,110,3331400,100,3330300,112,3331500,145,3330200,306,3331600,225,3330100,160,3331700,125,3330000,3061,3331800,155,3329900,40,3331900,366,3329800,138,3332000,125,3329700,35,3332100,225,3329600,135
3331100,5,3330500,165,3331300,100,3330400,110,3331400,100,3330300,112,3331500,145,3330200,306,3331600,225,3330100,160,3331700,125,3330000,3061,3331800,155,3329900,40,3331900,366,3329800,138,3332000,125,3329700,35,3332100,225,3329600,135
3331100,5,3330500,165,3331300,100,3330400,110,3331400,100,3330300,112,3331500,145,3330200,206,3331600,225,3330100,160,3331700,125,3330000,3061,3331800,155,3329900,40,3331900,366,3329800,138,3332000,125,3329700,35,3332100,225,3329600,135
3331100,5,3330500,165,3331300,100,3330400,110,3331400,100,3330300,112,3331500,145,3330200,206,3331600,225,3330100,260,3331700,125,3330000,3061,3331800,155,3329900,40,3331900,366,3329800,138,3332000,125,3329700,35,3332100,225,3329600,135
3331100,5,3330600,10,3331300,100,3330500,165,3331400,100,3330400,110,3331500,145,3330300,112,3331600,225,3330200,206,3331700,125,3330100,260,3331800,155,3330000,3061,3331900,366,3329900,40,3332000,125,3329800,138,3332100,225,3329700,35
3331100,5,3330600,35,3331300,100,3330500,165,3331400,100,3330400,110,3331500,145,3330300,112,3331600,225,3330200,206,3331700,125,3330100,260,3331800,155,3330000,3061,3331900,366,3329900,40,3332000,125,3329800,138,3332100,225,3329700,35
3331100,5,3330600,35,3331300,100,3330500,165,3331400,100,3330400,110,3331500,145,3330300,112,3331600,225,3330200,231,3331700,125,3330100,260,3331800,155,3330000,3061,3331900,366,3329900,40,3332000,125,3329800,138,3332100,225,3329700,35
3331100,5,3330600,35,3331300,100,3330500,165,3331400,100,3330400,110,3331500,145,3330300,112,3331600,225,3330200,231,3331700,125,3330100,260,3331800,155,3330000,3061,3331900,366,3329900,40,3332000,125,3329800,138,3332100,225,3329700,35
3331100,5,3330600,35,3331300,100,3330500,187,3331400,100,3330400,110,3331500,145,3330300,112,3331600,225,3330200,231,3331700,125,3330100,260,3331800,155,3330000,3061,3331900,366,3329900,40,3332000,125,3329800,138,3332100,225,3329700,35
3331100,5,3330600,35,3331300,100,3330500,187,3331400,100,3330400,110,3331500,145,3330300,112,3331600,125,3330200,231,3331700,125,3330100,260,3331800,155,3330000,3061,3331900,366,3329900,40,3332000,125,3329800,138,3332100,225,3329700,35
3331100,5,3330600,35,3331400,100,3330500,187,3331500,145,3330400,110,3331600,125,3330300,112,3331700,125,3330200,231,3331800,155,3330100,260,3331900,366,3330000,3061,3332000,125,3329900,40,3332100,225,3329800,138,3332200,128,3329700,35
3331100,5,3330600,35,3331400,200,3330500,187,3331500,145,3330400,110,3331600,125,3330300,112,3331700,125,3330200,231,3331800,155,3330100,260,3331900,366,3330000,3061,3332000,125,3329900,40,3332100,225,3329800,138,3332200,128,3329700,35
3331100,5,3330600,35,3331400,200,3330500,162,3331500,145,3330400,110,3331600,125,3330300,112,3331700,125,3330200,231,3331800,155,3330100,260,3331900,366,3330000,3061,3332000,125,3329900,40,3332100,225,3329800,138,3332200,128,3329700,35
3331100,5,3330600,35,3331400,200,3330500,162,3331500,145,3330400,110,3331600,125,3330300,112,3331700,125,3330200,231,3331800,155,3330100,260,3331900,366,3330000,3061,3332000,125,3329900,40,3332100,225,3329800,138,3332200,128,3329700,35
3331100,5,3330600,35,3331400,200,3330500,162,3331500,145,3330400,110,3331600,125,3330300,112,3331700,125,3330200,231,3331800,155,3330100,260,3331900,366,3330000,3061,3332000,125,3329900,40,3332100,225,3329800,138,3332200,128,3329700,35
3331100,5,3330600,35,3331400,200,3330500,162,3331500,145,3330400,110,3331600,125,3330300,112,3331700,125,3330200,231,3331800,155,3330100,260,3331900,366,3330000,3061,3332000,125,3329900,40,3332100,225,3329800,138,3332200,128,3329700,35
3331100,5,3330600,35,3331400,200,3330500,162,3331500,145,3330400,110,3331600,125,3330300,112,3331700,125,3330200,231,3331800,155,3330100,260,3331900,366,3330000,3061,3332000,125,3329900,40,3332100,225,3329800,138,3332200,128,3329700,35
3331100,5,3330600,35,3331400,200,3330500,162,3331500,145,3330400,110,3331600,125,3330300,112,3331700,125,3330200,231,3331800,155,3330100,260,3331900,366,3330000,3061,3332000,125,3329900,40,3332100,225,3329800,138,3332200,128,3329700,35
3331100,5,3330600,35,3331400,200,3330500,162,3331500,145,3330400,110,3331600,125,3330300,112,3331700,125,3330200,231,3331800,155,3330100,260,3331900,366,3330000,3061,3332000,125,3329900,40,3332100,225,3329800,138,3332200,128,3329700,35
3331100,5,3330600,35,3331400,200,3330500,162,3331500,145,3330400,110,3331600,125,3330300,112,3331700,125,3330200,231,3331800,155,3330100,260,3331900,366,3330000,3061,3332000,125,3329900,40,3332100,225,3329800,138,3332200,128,3329700,35
3331100,5,3330600,35,3331400,200,3330500,162,3331500,145,3330400,110,3331600,125,3330300,112,3331700,125,3330200,231,3331800,155,3330100,260,3331900,366,3330000,3061,3332000,125,3329900,40,3332100,225,3329800,138,3332200,128,3329700,35
3331100,5,3330600,35,3331400,200,3330500,162,3331500,145,3330400,110,3331600,125,3330300,112,3331700,125,3330200,231,3331800,155,3330100,260,3331900,366,3330000,3061,3332000,125,3329900,40,3332100,225,3329800,138,3332200,128,3329700,35
3331100,5,3330600,35,3331400,200,3330500,162,3331500,145,3330400,110,3331600,125,3330300,112,3331700,125,3330200,231,3331800,155,3330100,260,3331900,366,3330000,3061,3332000,125,3329900,40,3332100,225,3329800,138,3332200,128,3329700,35
3331100,5,3330600,35,3331400,200,3330500,162,3331500,145,3330400,110,3331600,125,3330300,112,3331700,125,3330200,231,3331800,155,3330100,260,3331900,366,3330000,3061,3332000,125,3329900,40,3332100,225,3329800,138,3332200,128,3329700,35
3331100,5,3330600,35,3331400,200,3330500,162,3331500,145,3330400,110,3331600,125,3330300,112,3331700,125,3330200,231,3331800,155,3330100,260,3331900,366,3330000,3061,3332000,125,3329900,40,3332100,225,3329800,138,3332200,128,3329700,35
3331100,5,3330600,35,3331400,200,3330500,162,3331500,145,3330400,110,3331600,125,3330300,112,3331700,125,3330200,231,3331800,155,3330100,260,3331900,366,3330000,3061,3332000,125,3329900,40,3332100,225,3329800,138,3332200,128,3329700,35
3331100,5,3330600,35,3331400,200,3330500,162,3331500,145,3330400,110,3331600,125,3330300,112,3331700,125,3330200,231,3331800,155,3330100,260,3331900,366,3330000,3061,3332000,125,3329900,40,3332100,225,3329800,138,3332200,128,3329700,35
3331100,5,3330600,35,3331400,200,3330500,162,3331500,145,3330400,110,3331600,125,3330300,112,3331700,125,3330200,231,3331800,155,3330100,260,3331900,366,3330000,3061,3332000,125,3329900,40,3332100,225,3329800,138,3332200,128,3329700,35
3331100,5,3330600,35,3331400,200,3330500,162,3331500,145,3330400,110,3331600,125,3330300,112,3331700,125,3330200,231,3331800,155,3330100,260,3331900,366,3330000,3061,3332000,125,3329900,40,3332100,225,3329800,138,3332200,128,3329700,35
3331100,5,3330600,53,3331400,200,3330500,162,3331500,145,3330400,110,3331600,125,3330300,112,3331700,125,3330200,231,3331800,155,3330100,260,3331900,366,3330000,3061,3332000,125,3329900,40,3332100,225,3329800,138,3332200,128,3329700,35
3331100,5,3330600,53,3331400,200,3330500,262,3331500,145,3330400,110,3331600,125,3330300,112,3331700,125,3330200,231,3331800,155,3330100,260,3331900,366,3330000,3061,3332000,125,3329900,40,3332100,225,3329800,138,3332200,128,3329700,35
3331100,5,3330600,53,3331400,200,3330500,262,3331500,145,3330400,210,3331600,125,3330300,112,3331700,125,3330200,231,3331800,155,3330100,260,3331900,366,3330000,3061,3332000,125,3329900,40,3332100,225,3329800,138,3332200,128,3329700,35
3331100,5,3330600,53,3331400,200,3330500,262,3331500,145,3330400,210,3331600,125,3330300,112,3331700,125,3330200,231,3331800,155,3330100,260,3331900,366,3330000,3065,3332000,125,3329900,40,3332100,225,3329800,138,3332200,128,3329700,35
3331100,5,3330600,53,3331400,200,3330500,262,3331500,145,3330400,210,3331600,125,3330300,112,3331700,125,3330200,231,3331800,125,3330100,260,3331900,366,3330000,3065,3332000,125,3329900,40,3332100,225,3329800,138,3332200,128,3329700,35
3331100,5,3330600,53,3331400,200,3330500,262,3331500,145,3330400,210,3331600,125,3330300,112,3331700,125,3330200,231,3331800,125,3330100,260,3331900,396,3330000,3065,3332000,125,3329900,40,3332100,225,3329800,138,3332200,128,3329700,35
3331100,5,3330600,53,3331400,200,3330500,262,3331500,145,3330400,310,3331600,125,3330300,112,3331700,125,3330200,231,3331800,125,3330100,260,3331900,396,3330000,3065,3332000,125,3329900,40,3332100,225,3329800,138,3332200,128,3329700,35
3331100,5,3330600,53,3331400,200,3330500,262,3331500,145,3330400,310,3331600,125,3330300,112,3331700,125,3330200,131,3331800,125,3330100,260,3331900,396,3330000,3065,3332000,125,3329900,40,3332100,225,3329800,138,3332200,128,3329700,35
3331100,5,3330600,53,3331400,200,3330500,262,3331500,145,3330400,310,3331600,125,3330300,112,3331700,225,3330200,131,3331800,125,3330100,260,3331900,396,3330000,3065,3332000,125,3329900,40,3332100,225,3329800,138,3332200,128,3329700,35
3331100,5,3330600,53,3331400,200,3330500,262,3331500,145,3330400,310,3331600,125,3330300,112,3331700,225,3330200,131,3331800,125,3330100,260,3331900,396,3330000,3065,3332000,125,3329900,40,3332100,225,3329800,138,3332200,128,3329700,35
3331100,5,3330600,53,3331400,200,3330500,262,3331500,145,3330400,310,3331600,125,3330300,112,3331700,225,3330200,131,3331800,125,3330100,260,3331900,396,3330000,3065,3332000,125,3329900,40,3332100,225,3329800,138,3332200,128,3329700,35
3331100,5,3330600,53,3331400,200,3330500,262,3331500,145,3330400,310,3331600,125,3330300,112,3331700,225,3330200,131,3331800,125,3330100,260,3331900,396,3330000,3065,3332000,125,3329900,40,3332100,225,3329800,138,3332200,128,3329700,35
3331100,5,3330600,53,3331400,200,3330500,262,3331500,145,3330400,310,3331600,125,3330300,112,3331700,225,3330200,131,3331800,125,3330100,260,3331900,366,3330000,3065,3332000,125,3329900,40,3332100,225,3329800,138,3332200,128,3329700,35
3331100,5,3330600,53,3331400,200,3330500,262,3331500,145,3330400,210,3331600,125,3330300,112,3331700,225,3330200,131,3331800,125,3330100,260,3331900,366,3330000,3065,3332000,125,3329900,40,3332100,225,3329800,138,3332200,128,3329700,35
3331100,5,3330600,153,3331400,200,3330500,262,3331500,145,3330400,210,3331600,125,3330300,112,3331700,225,3330200,131,3331800,125,3330100,260,3331900,366,3330000,3065,3332000,125,3329900,40,3332100,225,3329800,138,3332200,128,3329700,35
3331100,5,3330600,153,3331400,200,3330500,262,3331500,145,3330400,210,3331600,125,3330300,112,3331700,225,3330200,131,3331800,125,3330100,260,3331900,366,3330000,3065,3332000,125,3329900,40,3332100,225,3329800,138,3332200,128,3329700,35
3331100,5,3330600,153,3331400,100,3330500,262,3331500,145,3330400,210,3331600,125,3330300,112,3331700,225,3330200,131,3331800,125,3330100,260,3331900,366,3330000,3065,3332000,125,3329900,40,3332100,225,3329800,138,3332200,128,3329700,35
3331100,5,3330600,153,3331400,100,3330500,262,3331500,145,3330400,210,3331600,125,3330300,112,3331700,225,3330200,131,3331800,225,3330100,260,3331900,366,3330000,3065,3332000,125,3329900,40,3332100,225,3329800,138,3332200,128,3329700,35
3331100,5,3330600,53,3331400,100,3330500,262,3331500,145,3330400,210,3331600,125,3330300,112,3331700,225,3330200,131,3331800,225,3330100,260,3331900,366,3330000,3065,3332000,125,3329900,40,3332100,225,3329800,138,3332200,128,3329700,35
3331100,5,3330600,53,3331400,100,3330500,262,3331500,145,3330400,110,3331600,125,3330300,112,3331700,225,3330200,131,3331800,225,3330100,260,3331900,366,3330000,3065,3332000,125,3329900,40,3332100,225,3329800,138,3332200,128,3329700,35
3331100,5,3330600,53,3331400,100,3330500,262,3331500,145,3330400,110,3331600,125,3330300,112,3331700,225,3330200,131,3331800,225,3330100,260,3331900,366,3330000,3065,3332000,125,3329900,40,3332100,225,3329800,138,3332200,128,3329700,35
3331100,5,3330600,53,3331400,100,3330500,240,3331500,145,3330400,110,3331600,125,3330300,112,3331700,225,3330200,131,3331800,225,3330100,260,3331900,366,3330000,3065,3332000,125,3329900,40,3332100,225,3329800,138,3332200,128,3329700,35
3331100,5,3330600,53,3331400,100,3330500,240,3331500,145,3330400,110,3331600,125,3330300,112,3331700,225,3330200,131,3331800,225,3330100,260,3331900,366,3330000,3065,3332000,125,3329900,40,3332100,225,3329800,138,3332200,128,3329700,35
3331100,5,3330600,53,3331400,100,3330500,240,3331500,145,3330400,110,3331600,125,3330300,112,3331700,225,3330200,231,3331800,225,3330100,260,3331900,366,3330000,3065,3332000,125,3329900,40,3332100,225,3329800,138,3332200,128,3329700,35
3331100,5,3330600,53,3331400,100,3330500,240,3331500,145,3330400,110,3331600,125,3330300,112,3331700,225,3330200,231,3331800,225,3330100,260,3331900,366,3330000,3065,3332000,125,3329900,40,3332100,225,3329800,138,3332200,128,3329700,35
3331100,5,3330600,53,3331400,100,3330500,240,3331500,145,3330400,110,3331600,125,3330300,112,3331700,225,3330200,231,3331800,225,3330100,260,3331900,366,3330000,3065,3332000,125,3329900,40,3332100,225,3329800,138,3332200,128,3329700,35
3331100,5,3330600,35,3331400,100,3330500,240,3331500,145,3330400,110,3331600,125,3330300,112,3331700,225,3330200,231,3331800,225,3330100,260,3331900,366,3330000,3065,3332000,125,3329900,40,3332100,225,3329800,138,3332200,128,3329700,35
3331100,5,3330600,35,3331400,100,3330500,240,3331500,145,3330400,110,3331600,125,3330300,112,3331700,225,3330200,231,3331800,225,3330100,260,3331900,396,3330000,3065,3332000,125,3329900,40,3332100,225,3329800,138,3332200,128,3329700,35
3331100,5,3330600,35,3331400,100,3330500,240,3331500,145,3330400,110,3331600,125,3330300,112,3331700,225,3330200,231,3331800,225,3330100,260,3331900,366,3330000,3065,3332000,125,3329900,40,3332100,225,3329800,138,3332200,128,3329700,35
3331100,5,3330600,35,3331400,100,3330500,240,3331500,145,3330400,110,3331600,125,3330300,112,3331700,225,3330200,231,3331800,255,3330100,260,3331900,366,3330000,3065,3332000,125,3329900,40,3332100,225,3329800,138,3332200,128,3329700,35
3331100,5,3330600,35,3331400,100,3330500,240,3331500,145,3330400,110,3331600,125,3330300,112,3331700,225,3330200,231,3331800,225,3330100,260,3331900,366,3330000,3065,3332000,125,3329900,40,3332100,225,3329800,138,3332200,128,3329700,35
3331100,5,3330600,35,3331400,100,3330500,240,3331500,145,3330400,110,3331600,125,3330300,112,3331700,225,3330200,231,3331800,225,3330100,260,3331900,396,3330000,3065,3332000,125,3329900,40,3332100,225,3329800,138,3332200,128,3329700,35
3331100,5,3330600,35,3331400,100,3330500,240,3331500,145,3330400,110,3331600,225,3330300,112,3331700,225,3330200,231,3331800,225,3330100,260,3331900,396,3330000,3065,3332000,125,3329900,40,3332100,225,3329800,138,3332200,128,3329700,35
3331100,5,3330600,35,3331400,100,3330500,240,3331500,145,3330400,110,3331600,225,3330300,112,3331700,125,3330200,231,3331800,225,3330100,260,3331900,396,3330000,3065,3332000,125,3329900,40,3332100,225,3329800,138,3332200,128,3329700,35
3331100,5,3330600,35,3331400,100,3330500,240,3331500,145,3330400,110,3331600,225,3330300,212,3331700,125,3330200,231,3331800,225,3330100,260,3331900,396,3330000,3065,3332000,125,3329900,40,3332100,225,3329800,138,3332200,128,3329700,35
3331100,5,3330600,35,3331400,100,3330500,240,3331500,145,3330400,110,3331600,225,3330300,212,3331700,125,3330200,131,3331800,225,3330100,260,3331900,396,3330000,3065,3332000,125,3329900,40,3332100,225,3329800,138,3332200,128,3329700,35
3331100,5,3330600,25,3331400,100,3330500,240,3331500,145,3330400,110,3331600,225,3330300,212,3331700,125,3330200,131,3331800,225,3330100,260,3331900,396,3330000,3065,3332000,125,3329900,40,3332100,225,3329800,138,3332200,128,3329700,35
3331100,5,3330600,25,3331400,100,3330500,240,3331500,145,3330400,110,3331600,225,3330300,112,3331700,125,3330200,131,3331800,225,3330100,260,3331900,396,3330000,3065,3332000,125,3329900,40,3332100,225,3329800,138,3332200,128,3329700,35
3331100,5,3330600,25,3331400,100,3330500,140,3331500,145,3330400,110,3331600,225,3330300,112,3331700,125,3330200,131,3331800,225,3330100,260,3331900,396,3330000,3065,3332000,125,3329900,40,3332100,225,3329800,138,3332200,128,3329700,35
3331100,5,3330600,25,3331400,100,3330500,140,3331500,145,3330400,110,3331600,225,3330300,112,3331700,125,3330200,131,3331800,225,3330100,260,3331900,366,3330000,3065,3332000,125,3329900,40,3332100,225,3329800,138,3332200,128,3329700,35
3331100,5,3330600,25,3331400,100,3330500,140,3331500,145,3330400,110,3331600,225,3330300,112,3331700,125,3330200,131,3331800,255,3330100,260,3331900,366,3330000,3065,3332000,125,3329900,40,3332100,225,3329800,138,3332200,128,3329700,35
3331100,5,3330600,25,3331400,100,3330500,140,3331500,145,3330400,110,3331600,225,3330300,112,3331700,125,3330200,131,3331800,225,3330100,260,3331900,366,3330000,3065,3332000,125,3329900,40,3332100,225,3329800,138,3332200,128,3329700,35
3331100,5,3330600,25,3331400,100,3330500,140,3331500,145,3330400,110,3331600,225,3330300,112,3331700,155,3330200,131,3331800,225,3330100,260,3331900,366,3330000,3065,3332000,125,3329900,40,3332100,225,3329800,138,3332200,128,3329700,35
3331100,5,3330600,25,3331400,100,3330500,140,3331500,245,3330400,110,3331600,225,3330300,112,3331700,155,3330200,131,3331800,225,3330100,260,3331900,366,3330000,3065,3332000,125,3329900,40,3332100,225,3329800,138,3332200,128,3329700,35
3331100,5,3330600,25,3331400,100,3330500,130,3331500,245,3330400,110,3331600,225,3330300,112,3331700,155,3330200,131,3331800,225,3330100,260,3331900,366,3330000,3065,3332000,125,3329900,40,3332100,225,3329800,138,3332200,128,3329700,35
3331100,5,3330600,25,3331400,100,3330500,130,3331500,245,3330400,110,3331600,225,3330300,112,3331700,155,3330200,131,3331800,225,3330100,360,3331900,366,3330000,3065,3332000,125,3329900,40,3332100,225,3329800,138,3332200,128,3329700,35
3331100,5,3330600,25,3331400,100,3330500,130,3331500,245,3330400,110,3331600,125,3330300,112,3331700,155,3330200,131,3331800,225,3330100,360,3331900,366,3330000,3065,3332000,125,3329900,40,3332100,225,3329800,138,3332200,128,3329700,35
3331100,5,3330600,25,3331400,100,3330500,130,3331500,145,3330400,110,3331600,125,3330300,112,3331700,155,3330200,131,3331800,225,3330100,360,3331900,366,3330000,3065,3332000,125,3329900,40,3332100,225,3329800,138,3332200,128,3329700,35
3331100,5,3330600,25,3331400,100,3330500,130,3331500,145,3330400,110,3331600,125,3330300,112,3331700,155,3330200,131,3331800,225,3330100,360,3331900,366,3330000,3061,3332000,125,3329900,40,3332100,225,3329800,138,3332200,128,3329700,35
3331100,5,3330600,25,3331400,100,3330500,130,3331500,145,3330400,110,3331600,125,3330300,112,3331700,155,3330200,131,3331800,225,3330100,360,3331900,366,3330000,3061,3332000,125,3329900,40,3332100,225,3329800,138,3332200,128,3329700,35
3331100,5,3330600,25,3331400,100,3330500,130,3331500,145,3330400,110,3331600,125,3330300,112,3331700,155,3330200,131,3331800,225,3330100,360,3331900,366,3330000,3061,3332000,125,3329900,40,3332100,225,3329800,138,3332200,128,3329700,35
3331100,5,3330600,25,3331400,100,3330500,130,3331500,145,3330400,110,3331600,125,3330300,112,3331700,155,3330200,131,3331800,225,3330100,360,3331900,366,3330000,3061,3332000,125,3329900,40,3332100,225,3329800,138,3332200,128,3329700,35
3331100,5,3330600,25,3331400,100,3330500,130,3331500,145,3330400,110,3331600,125,3330300,112,3331700,155,3330200,131,3331800,225,3330100,360,3331900,366,3330000,3061,3332000,125,3329900,40,3332100,225,3329800,138,3332200,128,3329700,35
3331100,5,3330600,25,3331400,100,3330500,130,3331500,145,3330400,110,3331600,125,3330300,112,3331700,155,3330200,131,3331800,225,3330100,360,3331900,366,3330000,3061,3332000,125,3329900,40,3332100,225,3329800,138,3332200,128,3329700,35
3331100,5,3330600,25,3331400,100,3330500,130,3331500,145,3330400,110,3331600,125,3330300,112,3331700,155,3330200,131,3331800,225,3330100,360,3331900,366,3330000,3061,3332000,125,3329900,40,3332100,225,3329800,138,3332200,128,3329700,35
3331100,5,3330600,25,3331400,100,3330500,130,3331500,145,3330400,110,3331600,125,3330300,112,3331700,155,3330200,131,3331800,225,3330100,360,3331900,366,3330000,3061,3332000,125,3329900,40,3332100,225,3329800,138,3332200,128,3329700,35
3331100,5,3330600,25,3331400,100,3330500,130,3331500,145,3330400,110,3331600,125,3330300,112,3331700,155,3330200,131,3331800,225,3330100,360,3331900,366,3330000,3061,3332000,125,3329900,40,3332100,225,3329800,138,3332200,128,3329700,35
3331100,5,3330600,25,3331400,100,3330500,130,3331500,145,3330400,110,3331600,125,3330300,112,3331700,125,3330200,131,3331800,225,3330100,360,3331900,366,3330000,3061,3332000,125,3329900,40,3332100,225,3329800,138,3332200,128,3329700,35
3331100,5,3330600,25,3331400,100,3330500,130,3331500,145,3330400,110,3331600,125,3330300,112,3331700,125,3330200,131,3331800,225,3330100,360,3331900,396,3330000,3061,3332000,125,3329900,40,3332100,225,3329800,138,3332200,128,3329700,35
3331100,5,3330600,25,3331400,100,3330500,130,3331500,145,3330400,110,3331600,125,3330300,112,3331700,125,3330200,231,3331800,225,3330100,360,3331900,396,3330000,3061,3332000,125,3329900,40,3332100,225,3329800,138,3332200,128,3329700,35
3331100,5,3330600,25,3331400,100,3330500,130,3331500,145,3330400,110,3331600,225,3330300,112,3331700,125,3330200,231,3331800,225,3330100,360,3331900,396,3330000,3061,3332000,125,3329900,40,3332100,225,3329800,138,3332200,128,3329700,35
3331100,5,3330600,25,3331400,100,3330500,130,3331500,145,3330400,110,3331600,225,3330300,112,3331700,125,3330200,231,3331800,225,3330100,360,3331900,396,3330000,3061,3332000,125,3329900,40,3332100,225,3329800,138,3332200,128,3329700,35
3331100,5,3330600,25,3331400,100,3330500,130,3331500,145,3330400,110,3331600,125,3330300,112,3331700,125,3330200,231,3331800,225,3330100,360,3331900,396,3330000,3061,3332000,125,3329900,40,3332100,225,3329800,138,3332200,128,3329700,35
3331100,5,3330600,25,3331400,100,3330500,130,3331500,145,3330400,110,3331600,125,3330300,212,3331700,125,3330200,231,3331800,225,3330100,360,3331900,396,3330000,3061,3332000,125,3329900,40,3332100,225,3329800,138,3332200,128,3329700,35
3331100,5,3330600,25,3331400,100,3330500,130,3331500,145,3330400,110,3331600,125,3330300,212,3331700,125,3330200,131,3331800,225,3330100,360,3331900,396,3330000,3061,3332000,125,3329900,40,3332100,225,3329800,138,3332200,128,3329700,35
3331100,5,3330600,25,3331400,100,3330500,130,3331500,145,3330400,110,3331600,225,3330300,212,3331700,125,3330200,131,3331800,225,3330100,360,3331900,396,3330000,3061,3332000,125,3329900,40,3332100,225,3329800,138,3332200,128,3329700,35
3331100,5,3330600,25,3331400,100,3330500,130,3331500,145,3330400,110,3331600,225,3330300,112,3331700,125,3330200,131,3331800,225,3330100,360,3331900,396,3330000,3061,3332000,125,3329900,40,3332100,225,3329800,138,3332200,128,3329700,35
3331100,5,3330600,25,3331400,100,3330500,130,3331500,145,3330400,110,3331600,225,3330300,112,3331700,125,3330200,131,3331800,225,3330100,360,3331900,366,3330000,3061,3332000,125,3329900,40,3332100,225,3329800,138,3332200,128,3329700,35
3331100,5,3330600,25,3331400,100,3330500,130,3331500,145,3330400,110,3331600,225,3330300,112,3331700,125,3330200,131,3331800,255,3330100,360,3331900,366,3330000,3061,3332000,125,3329900,40,3332100,225,3329800,138,3332200,128,3329700,35
3331100,5,3330600,25,3331400,100,3330500,130,3331500,145,3330400,110,3331600,125,3330300,112,3331700,125,3330200,131,3331800,255,3330100,360,3331900,366,3330000,3061,3332000,125,3329900,40,3332100,225,3329800,138,3332200,128,3329700,35
3331100,5,3330600,25,3331400,100,3330500,130,3331500,145,3330400,110,3331600,125,3330300,112,3331700,125,3330200,131,3331800,225,3330100,360,3331900,366,3330000,3061,3332000,125,3329900,40,3332100,225,3329800,138,3332200,128,3329700,35
3331100,5,3330600,25,3331400,100,3330500,130,3331500,145,3330400,110,3331600,125,3330300,112,3331700,125,3330200,131,3331800,225,3330100,360,3331900,396,3330000,3061,3332000,125,3329900,40,3332100,225,3329800,138,3332200,128,3329700,35
3331100,5,3330600,25,3331400,100,3330500,130,3331500,145,3330400,110,3331600,125,3330300,112,3331700,125,3330200,131,3331800,225,3330100,360,3331900,366,3330000,3061,3332000,125,3329900,40,3332100,225,3329800,138,3332200,128,3329700,35
3331100,5,3330600,25,3331400,100,3330500,130,3331500,145,3330400,110,3331600,125,3330300,112,3331700,125,3330200,131,3331800,255,3330100,360,3331900,366,3330000,3061,3332000,125,3329900,40,3332100,225,3329800,138,3332200,128,3329700,35
3331100,5,3330600,25,3331400,100,3330500,130,3331500,145,3330400,110,3331600,125,3330300,112,3331700,125,3330200,131,3331800,225,3330100,360,3331900,366,3330000,3061,3332000,125,3329900,40,3332100,225,3329800,138,3332200,128,3329700,35
3331100,5,3330600,25,3331400,100,3330500,130,3331500,145,3330400,110,3331600,125,3330300,112,3331700,125,3330200,131,3331800,225,3330100,360,3331900,396,3330000,3061,3332000,125,3329900,40,3332100,225,3329800,138,3332200,128,3329700,35
3331100,5,3330600,35,3331400,100,3330500,130,3331500,145,3330400,110,3331600,125,3330300,112,3331700,125,3330200,131,3331800,225,3330100,360,3331900,396,3330000,3061,3332000,125,3329900,40,3332100,225,3329800,138,3332200,128,3329700,35
3331100,5,3330600,35,3331400,100,3330500,130,3331500,145,3330400,110,3331600,125,3330300,112,3331700,125,3330200,131,3331800,225,3330100,360,3331900,396,3330000,3061,3332000,125,3329900,40,3332100,225,3329800,138,3332200,128,3329700,35
3331100,5,3330600,35,3331400,100,3330500,130,3331500,145,3330400,110,3331600,125,3330300,112,3331700,125,3330200,131,3331800,225,3330100,360,3331900,396,3330000,3061,3332000,125,3329900,40,3332100,225,3329800,138,3332200,128,3329700,35
3331100,5,3330600,35,3331400,100,3330500,130,3331500,145,3330400,110,3331600,125,3330300,112,3331700,125,3330200,131,3331800,225,3330100,360,3331900,396,3330000,3061,3332000,125,3329900,40,3332100,225,3329800,138,3332200,128,3329700,35
3331100,5,3330600,35,3331400,100,3330500,130,3331500,145,3330400,110,3331600,125,3330300,112,3331700,125,3330200,131,3331800,225,3330100,360,3331900,396,3330000,3061,3332000,125,3329900,40,3332100,225,3329800,138,3332200,128,3329700,35
3331100,5,3330600,35,3331400,100,3330500,130,3331500,145,3330400,110,3331600,125,3330300,112,3331700,125,3330200,131,3331800,225,3330100,360,3331900,396,3330000,3061,3332000,125,3329900,40,3332100,225,3329800,138,3332200,128,3329700,35
3331100,5,3330600,35,3331400,100,3330500,130,3331500,145,3330400,110,3331600,125,3330300,112,3331700,125,3330200,131,3331800,225,3330100,360,3331900,396,3330000,3061,3332000,125,3329900,40,3332100,225,3329800,138,3332200,128,3329700,35
3331100,5,3330600,35,3331400,100,3330500,130,3331500,145,3330400,110,3331600,125,3330300,112,3331700,125,3330200,131,3331800,225,3330100,360,3331900,396,3330000,3061,3332000,125,3329900,40,3332100,225,3329800,138,3332200,128,3329700,35
3331100,5,3330600,35,3331400,100,3330500,130,3331500,145,3330400,110,3331600,125,3330300,112,3331700,125,3330200,131,3331800,225,3330100,360,3331900,396,3330000,3061,3332000,125,3329900,40,3332100,225,3329800,138,3332200,128,3329700,35
3331100,5,3330600,35,3331400,100,3330500,130,3331500,145,3330400,110,3331600,125,3330300,112,3331700,125,3330200,131,3331800,225,3330100,360,3331900,366,3330000,3061,3332000,125,3329900,40,3332100,225,3329800,138,3332200,128,3329700,35
3331100,5,3330600,35,3331400,100,3330500,130,3331500,145,3330400,110,3331600,125,3330300,112,3331700,225,3330200,131,3331800,225,3330100,360,3331900,366,3330000,3061,3332000,125,3329900,40,3332100,225,3329800,138,3332200,128,3329700,35
3331100,5,3330600,35,3331400,100,3330500,130,3331500,145,3330400,110,3331600,125,3330300,212,3331700,225,3330200,131,3331800,225,3330100,360,3331900,366,3330000,3061,3332000,125,3329900,40,3332100,225,3329800,138,3332200,128,3329700,35
3331100,5,3330600,135,3331400,100,3330500,130,3331500,145,3330400,110,3331600,125,3330300,212,3331700,225,3330200,131,3331800,225,3330100,360,3331900,366,3330000,3061,3332000,125,3329900,40,3332100,225,3329800,138,3332200,128,3329700,35
3331100,5,3330600,135,3331400,100,3330500,130,3331500,145,3330400,110,3331600,125,3330300,212,3331700,225,3330200,131,3331800,225,3330100,360,3331900,366,3330000,3064,3332000,125,3329900,40,3332100,225,3329800,138,3332200,128,3329700,35
3331100,5,3330600,135,3331400,100,3330500,130,3331500,145,3330400,210,3331600,125,3330300,212,3331700,225,3330200,131,3331800,225,3330100,360,3331900,366,3330000,3064,3332000,125,3329900,40,3332100,225,3329800,138,3332200,128,3329700,35
3331100,5,3330600,135,3331400,100,3330500,130,3331500,145,3330400,210,3331600,125,3330300,112,3331700,225,3330200,131,3331800,225,3330100,360,3331900,366,3330000,3064,3332000,125,3329900,40,3332100,225,3329800,138,3332200,128,3329700,35
3331100,5,3330600,135,3331500,145,3330500,130,3331600,125,3330400,210,3331700,225,3330300,112,3331800,225,3330200,131,3331900,366,3330100,360,3332000,125,3330000,3064,3332100,225,3329900,40,3332200,128,3329800,138,3332300,225,3329700,35
3331100,5,3330600,135,3331500,245,3330500,130,3331600,125,3330400,210,3331700,225,3330300,112,3331800,225,3330200,131,3331900,366,3330100,360,3332000,125,3330000,3064,3332100,225,3329900,40,3332200,128,3329800,138,3332300,225,3329700,35
3331100,5,3330600,153,3331500,245,3330500,130,3331600,125,3330400,210,3331700,225,3330300,112,3331800,225,3330200,131,3331900,366,3330100,360,3332000,125,3330000,3064,3332100,225,3329900,40,3332200,128,3329800,138,3332300,225,3329700,35
3331100,5,3330600,153,3331500,245,3330500,230,3331600,125,3330400,210,3331700,225,3330300,112,3331800,225,3330200,131,3331900,366,3330100,360,3332000,125,3330000,3064,3332100,225,3329900,40,3332200,128,3329800,138,3332300,225,3329700,35
3331100,5,3330600,153,3331500,245,3330500,230,3331600,125,3330400,210,3331700,225,3330300,112,3331800,225,3330200,131,3331900,366,3330100,360,3332000,125,3330000,3064,3332100,225,3329900,40,3332200,128,3329800,138,3332300,229,3329700,35
3331100,5,3330600,153,3331500,245,3330500,230,3331600,125,3330400,210,3331700,225,3330300,112,3331800,225,3330200,131,3331900,366,3330100,360,3332000,155,3330000,3064,3332100,225,3329900,40,3332200,128,3329800,138,3332300,229,3329700,35
3331100,5,3330600,153,3331500,245,3330500,230,3331600,125,3330400,210,3331700,225,3330300,112,3331800,225,3330200,131,3331900,366,3330100,360,3332000,155,3330000,3064,3332100,225,3329900,40,3332200,128,3329800,138,3332300,229,3329700,35
3331100,5,3330600,175,3331500,245,3330500,230,3331600,125,3330400,210,3331700,225,3330300,112,3331800,225,3330200,131,3331900,366,3330100,360,3332000,155,3330000,3064,3332100,225,3329900,40,3332200,128,3329800,138,3332300,229,3329700,35
3331100,5,3330600,175,3331500,245,3330500,230,3331600,125,3330400,210,3331700,225,3330300,112,3331800,225,3330200,131,3331900,366,3330100,360,3332000,155,3330000,3064,3332100,225,3329900,40,3332200,128,3329800,138,3332300,225,3329700,35
3331100,5,3330700,10,3331500,245,3330600,175,3331600,125,3330500,230,3331700,225,3330400,210,3331800,225,3330300,112,3331900,366,3330200,131,3332000,155,3330100,360,3332100,225,3330000,3064,3332200,128,3329900,40,3332300,225,3329800,138
3331100,5,3330700,10,3331500,245,3330600,175,3331600,125,3330500,230,3331700,225,3330400,210,3331800,225,3330300,137,3331900,366,3330200,131,3332000,155,3330100,360,3332100,225,3330000,3064,3332200,128,3329900,40,3332300,225,3329800,138
3331100,5,3330700,35,3331500,245,3330600,175,3331600,125,3330500,230,3331700,225,3330400,210,3331800,225,3330300,137,3331900,366,3330200,131,3332000,155,3330100,360,3332100,225,3330000,3064,3332200,128,3329900,40,3332300,225,3329800,138
3331100,5,3330700,53,3331500,245,3330600,175,3331600,125,3330500,230,3331700,225,3330400,210,3331800,225,3330300,137,3331900,366,3330200,131,3332000,155,3330100,360,3332100,225,3330000,3064,3332200,128,3329900,40,3332300,225,3329800,138
3331100,5,3330700,53,3331500,245,3330600,150,3331600,125,3330500,230,3331700,225,3330400,210,3331800,225,3330300,137,3331900,366,3330200,131,3332000,155,3330100,360,3332100,225,3330000,3064,3332200,128,3329900,40,3332300,225,3329800,138
3331100,5,3330700,89,3331500,245,3330600,150,3331600,125,3330500,230,3331700,225,3330400,210,3331800,225,3330300,137,3331900,366,3330200,131,3332000,155,3330100,360,3332100,225,3330000,3064,3332200,128,3329900,40,3332300,225,3329800,138
3331100,5,3330700,89,3331500,245,3330600,150,3331600,125,3330500,230,3331700,225,3330400,210,3331800,225,3330300,137,3331900,366,3330200,131,3332000,155,3330100,360,3332100,225,3330000,3064,3332200,128,3329900,40,3332300,225,3329800,138
3331100,5,3330700,89,3331500,245,3330600,150,3331600,125,3330500,230,3331700,225,3330400,210,3331800,225,3330300,137,3331900,366,3330200,131,3332000,155,3330100,360,3332100,225,3330000,3064,3332200,128,3329900,40,3332300,225,3329800,138
3331100,5,3330700,89,3331500,245,3330600,150,3331600,125,3330500,230,3331700,225,3330400,210,3331800,225,3330300,137,3331900,366,3330200,131,3332000,155,3330100,360,3332100,225,3330000,3064,3332200,128,3329900,40,3332300,225,3329800,138
3331100,5,3330700,89,3331500,245,3330600,150,3331600,125,3330500,230,3331700,225,3330400,210,3331800,225,3330300,137,3331900,366,3330200,131,3332000,155,3330100,360,3332100,225,3330000,3064,3332200,128,3329900,40,3332300,225,3329800,138
3331100,5,3330700,89,3331500,245,3330600,150,3331600,125,3330500,230,3331700,225,3330400,210,3331800,225,3330300,137,3331900,366,3330200,131,3332000,155,3330100,360,3332100,225,3330000,3064,3332200,128,3329900,40,3332300,225,3329800,138
3331100,5,3330700,89,3331500,245,3330600,150,3331600,125,3330500,230,3331700,225,3330400,210,3331800,225,3330300,137,3331900,366,3330200,131,3332000,155,3330100,360,3332100,225,3330000,3064,3332200,128,3329900,40,3332300,225,3329800,138
3331100,5,3330700,89,3331500,245,3330600,150,3331600,125,3330500,230,3331700,225,3330400,210,3331800,225,3330300,137,3331900,366,3330200,131,3332000,155,3330100,360,3332100,225,3330000,3064,3332200,128,3329900,40,3332300,225,3329800,138
3331100,5,3330700,89,3331500,245,3330600,150,3331600,125,3330500,230,3331700,225,3330400,210,3331800,225,3330300,137,3331900,366,3330200,131,3332000,155,3330100,360,3332100,225,3330000,3064,3332200,128,3329900,40,3332300,225,3329800,138
3331100,5,3330700,89,3331500,245,3330600,150,3331600,125,3330500,230,3331700,125,3330400,210,3331800,225,3330300,137,3331900,366,3330200,131,3332000,155,3330100,360,3332100,225,3330000,3064,3332200,128,3329900,40,3332300,225,3329800,138
3331100,5,3330700,89,3331500,145,3330600,150,3331600,125,3330500,230,3331700,125,3330400,210,3331800,225,3330300,137,3331900,366,3330200,131,3332000,155,3330100,360,3332100,225,3330000,3064,3332200,128,3329900,40,3332300,225,3329800,138
3331100,5,3330700,89,3331500,145,3330600,150,3331600,125,3330500,230,3331700,125,3330400,210,3331800,225,3330300,137,3331900,366,3330200,131,3332000,155,3330100,360,3332100,225,3330000,3064,3332200,128,3329900,40,3332300,225,3329800,138
3331100,5,3330700,89,3331500,145,3330600,150,3331600,125,3330500,230,3331700,125,3330400,210,3331800,225,3330300,137,3331900,366,3330200,131,3332000,155,3330100,360,3332100,225,3330000,3064,3332200,128,3329900,40,3332300,225,3329800,138
3331100,5,3330700,89,3331500,145,3330600,150,3331600,125,3330500,230,3331700,125,3330400,210,3331800,225,3330300,137,3331900,366,3330200,131,3332000,155,3330100,360,3332100,225,3330000,3064,3332200,128,3329900,40,3332300,225,3329800,138
3331100,5,3330700,89,3331500,145,3330600,150,3331600,125,3330500,230,3331700,125,3330400,210,3331800,225,3330300,137,3331900,366,3330200,131,3332000,155,3330100,360,3332100,225,3330000,3064,3332200,128,3329900,40,3332300,225,3329800,138
3331100,5,3330700,89,3331500,145,3330600,150,3331600,125,3330500,230,3331700,125,3330400,210,3331800,225,3330300,137,3331900,366,3330200,131,3332000,155,3330100,360,3332100,225,3330000,3064,3332200,128,3329900,40,3332300,225,3329800,138
3331100,5,3330700,89,3331500,145,3330600,150,3331600,125,3330500,230,3331700,125,3330400,210,3331800,225,3330300,137,3331900,366,3330200,131,3332000,155,3330100,360,3332100,225,3330000,3064,3332200,128,3329900,40,3332300,225,3329800,138
3331100,5,3330700,89,3331500,145,3330600,150,3331600,125,3330500,230,3331700,125,3330400,210,3331800,225,3330300,137,3331900,366,3330200,131,3332000,155,3330100,360,3332100,225,3330000,3064,3332200,128,3329900,40,3332300,225,3329800,138
3331100,5,3330700,89,3331500,145,3330600,150,3331600,125,3330500,230,3331700,125,3330400,210,3331800,225,3330300,137,3331900,366,3330200,131,3332000,155,3330100,360,3332100,225,3330000,3064,3332200,128,3329900,40,3332300,225,3329800,138
3331100,5,3330700,109,3331500,145,3330600,150,3331600,125,3330500,230,3331700,125,3330400,210,3331800,225,3330300,137,3331900,366,3330200,131,3332000,155,3330100,360,3332100,225,3330000,3064,3332200,128,3329900,40,3332300,225,3329800,138
3331100,5,3330700,109,3331500,163,3330600,150,3331600,125,3330500,230,3331700,125,3330400,210,3331800,225,3330300,137,3331900,366,3330200,131,3332000,155,3330100,360,3332100,225,3330000,3064,3332200,128,3329900,40,3332300,225,3329800,138
3331100,5,3330700,109,3331500,163,3330600,150,3331600,125,3330500,330,3331700,125,3330400,210,3331800,225,3330300,137,3331900,366,3330200,131,3332000,155,3330100,360,3332100,225,3330000,3064,3332200,128,3329900,40,3332300,225,3329800,138
3331100,5,3330700,109,3331500,163,3330600,150,3331600,125,3330500,330,3331700,125,3330400,110,3331800,225,3330300,137,3331900,366,3330200,131,3332000,155,3330100,360,3332100,225,3330000,3064,3332200,128,3329900,40,3332300,225,3329800,138
3331100,5,3330700,109,3331500,163,3330600,150,3331600,125,3330500,330,3331700,125,3330400,110,3331800,225,3330300,137,3331900,366,3330200,131,3332000,125,3330100,360,3332100,225,3330000,3064,3332200,128,3329900,40,3332300,225,3329800,138
3331100,5,3330700,73,3331500,163,3330600,150,3331600,125,3330500,330,3331700,125,3330400,110,3331800,225,3330300,137,3331900,366,3330200,131,3332000,125,3330100,360,3332100,225,3330000,3064,3332200,128,3329900,40,3332300,225,3329800,138
3331100,5,3330700,73,3331500,163,3330600,150,3331600,125,3330500,330,3331700,125,3330400,110,3331800,225,3330300,137,3331900,366,3330200,131,3332000,125,3330100,360,3332100,225,3330000,3064,3332200,128,3329900,40,3332300,225,3329800,138
3331100,5,3330700,73,3331500,163,3330600,150,3331600,125,3330500,330,3331700,125,3330400,110,3331800,225,3330300,137,3331900,366,3330200,131,3332000,125,3330100,360,3332100,225,3330000,3064,3332200,128,3329900,40,3332300,225,3329800,138
3331100,5,3330700,73,3331500,163,3330600,150,3331600,125,3330500,330,3331700,125,3330400,110,3331800,225,3330300,137,3331900,366,3330200,131,3332000,125,3330100,360,3332100,225,3330000,3064,3332200,128,3329900,40,3332300,225,3329800,138
3331100,5,3330700,73,3331500,163,3330600,150,3331600,125,3330500,330,3331700,125,3330400,110,3331800,225,3330300,137,3331900,366,3330200,131,3332000,125,3330100,360,3332100,225,3330000,3064,3332200,128,3329900,40,3332300,225,3329800,138
3331100,5,3330700,73,3331500,163,3330600,150,3331600,125,3330500,330,3331700,125,3330400,110,3331800,225,3330300,137,3331900,366,3330200,131,3332000,125,3330100,360,3332100,225,3330000,3064,3332200,128,3329900,40,3332300,225,3329800,138
3331100,5,3330700,73,3331500,163,3330600,150,3331600,125,3330500,330,3331700,125,3330400,110,3331800,225,3330300,137,3331900,366,3330200,131,3332000,125,3330100,360,3332100,225,3330000,3064,3332200,128,3329900,40,3332300,225,3329800,138
3331100,5,3330700,73,3331500,163,3330600,150,3331600,125,3330500,330,3331700,125,3330400,110,3331800,225,3330300,137,3331900,366,3330200,131,3332000,125,3330100,360,3332100,225,3330000,3064,3332200,128,3329900,40,3332300,225,3329800,138
